0 1401659 1401723 
1 2335993 2336034 
2 251202 251246 
3 1187048 1187112 
4 599889 599929 
5 2060560 2060624 
6 1746729 1746770 
7 1871653 1871717 
8 793320 793384 
9 1867330 1867394 
10 452688 452733 
11 2350191 2350255 
12 1107370 1107434 
13 268654 268718 
14 594719 594783 
15 561107 561171 
16 2333718 2333782 
17 1035671 1035735 
18 1761149 1761213 
19 2345701 2345765 
20 984667 984708 
21 1018536 1018584 
22 2405213 2405248 
23 1290849 1290883 
24 1688340 1688382 
25 1936209 1936273 
26 1096461 1096525 
27 1662047 1662090 
28 2347042 2347106 
29 2262244 2262308 
30 299788 299852 
31 1830975 1831039 
32 622086 622150 
33 2369202 2369237 
34 868291 868355 
35 1081787 1081820 
36 2092964 2093028 
37 2071427 2071469 
38 1835383 1835420 
39 1713252 1713316 
40 281879 281912 
41 2155226 2155263 
42 2245722 2245786 
43 1186040 1186104 
44 1180519 1180583 
45 1579538 1579602 
46 1114741 1114776 
47 2052564 2052628 
48 809119 809183 
49 1399029 1399093 
50 1944152 1944196 
51 1922678 1922742 
52 872180 872244 
53 533826 533890 
54 2178781 2178845 
55 2222155 2222219 
56 885258 885322 
57 2157797 2157837 
58 1024156 1024204 
59 753645 753709 
60 1974386 1974450 
61 1945056 1945120 
62 804990 805025 
63 104562 104605 
64 1809031 1809095 
65 1223031 1223095 
66 2245628 2245692 
67 926882 926946 
68 797582 797628 
69 1223871 1223935 
70 2354651 2354715 
71 472913 472977 
72 1434604 1434668 
73 2267818 2267882 
74 936847 936911 
75 1840455 1840519 
76 1388319 1388383 
77 1740156 1740198 
78 449151 449215 
79 830342 830406 
80 61068 61132 
81 1192121 1192185 
82 1920256 1920320 
83 670188 670252 
84 2347728 2347792 
85 2052998 2053062 
86 887744 887808 
87 317891 317955 
88 1742341 1742405 
89 838574 838638 
90 304141 304205 
91 2165560 2165595 
92 455871 455935 
93 1715835 1715874 
94 2027596 2027660 
95 582928 582992 
96 1703438 1703502 
97 1396826 1396890 
98 1631626 1631660 
99 391321 391385 
100 331404 331468 
101 2305999 2306063 
102 2205849 2205913 
103 1125932 1125996 
104 1941404 1941468 
105 2214850 2214914 
106 120306 120370 
107 1330266 1330330 
108 830306 830354 
109 994430 994478 
110 2009641 2009705 
111 2283008 2283044 
112 2006118 2006182 
113 93652 93716 
114 143659 143700 
115 1196010 1196074 
116 925355 925419 
117 1198671 1198735 
118 791135 791199 
119 1861009 1861073 
120 1032836 1032900 
121 1579633 1579697 
122 1214791 1214855 
123 2000814 2000878 
124 2168271 2168335 
125 1404144 1404183 
126 1408624 1408659 
127 1893273 1893337 
128 209451 209515 
129 389298 389335 
130 500856 500920 
131 2024492 2024556 
132 1596605 1596669 
133 2137268 2137332 
134 131646 131710 
135 351333 351397 
136 2326526 2326590 
137 542092 542156 
138 1489852 1489916 
139 1696113 1696177 
140 1550258 1550322 
141 983962 984026 
142 433674 433738 
143 1775263 1775327 
144 864408 864448 
145 1581174 1581208 
146 1277847 1277911 
147 849762 849826 
148 948983 949022 
149 998072 998136 
150 1514570 1514634 
151 2405645 2405709 
152 294569 294633 
153 687369 687433 
154 2369528 2369592 
155 303289 303333 
156 2374754 2374788 
157 2184347 2184390 
158 1204601 1204647 
159 2232926 2232990 
160 1441079 1441143 
161 2355137 2355201 
162 833157 833221 
163 765847 765890 
164 1328667 1328731 
165 2258311 2258375 
166 2298326 2298390 
167 1423853 1423900 
168 495465 495529 
169 1415504 1415568 
170 1380511 1380575 
171 118671 118735 
172 1392831 1392869 
173 756260 756324 
174 1306942 1307006 
175 1555304 1555343 
176 1354695 1354759 
177 1709908 1709972 
178 2348786 2348850 
179 545628 545692 
180 1237892 1237956 
181 1761000 1761064 
182 2086501 2086565 
183 2093092 2093156 
184 1383189 1383253 
185 1159801 1159865 
186 1937051 1937092 
187 2396043 2396107 
188 1851835 1851899 
189 674929 674993 
190 1301918 1301982 
191 1050468 1050532 
192 456254 456318 
193 2126737 2126801 
194 425448 425512 
195 258430 258494 
196 2351147 2351181 
197 1037512 1037576 
198 1842326 1842390 
199 2330781 2330845 
200 1675120 1675184 
201 2058841 2058887 
202 754285 754349 
203 615897 615940 
204 176772 176836 
205 1848186 1848250 
206 1118372 1118415 
207 1129908 1129972 
208 168538 168578 
209 328953 329017 
210 451446 451510 
211 2345898 2345962 
212 1623284 1623348 
213 678509 678573 
214 1944541 1944605 
215 429829 429869 
216 583203 583267 
217 1991839 1991903 
218 371032 371096 
219 455792 455856 
220 448139 448203 
221 2339130 2339194 
222 2195651 2195690 
223 274116 274180 
224 2353343 2353407 
225 1356261 1356325 
226 1548085 1548149 
227 1835328 1835392 
228 1257869 1257933 
229 1671845 1671909 
230 1847701 1847765 
231 1938206 1938270 
232 965895 965959 
233 1461217 1461281 
234 1022838 1022902 
235 311730 311794 
236 1317495 1317559 
237 511441 511505 
238 1998530 1998594 
239 463309 463350 
240 2236193 2236257 
241 1373245 1373309 
242 2295909 2295973 
243 1481065 1481129 
244 1649396 1649460 
245 2011219 2011283 
246 1605638 1605679 
247 518384 518418 
248 1785069 1785103 
249 538802 538842 
250 174790 174854 
251 773648 773695 
252 1029944 1029982 
253 1996221 1996285 
254 1591235 1591299 
255 1450035 1450071 
256 984019 984083 
257 1099246 1099310 
258 1011629 1011693 
259 817229 817293 
260 1060017 1060081 
261 300527 300591 
262 1304882 1304946 
263 1238060 1238124 
264 1426813 1426877 
265 117427 117491 
266 569201 569265 
267 2212186 2212250 
268 1914127 1914169 
269 1511488 1511552 
270 2391558 2391600 
271 1555895 1555959 
272 322817 322881 
273 533430 533494 
274 1992754 1992818 
275 70184 70248 
276 1292105 1292169 
277 549430 549494 
278 1297375 1297439 
279 1376281 1376345 
280 1491524 1491588 
281 1499126 1499190 
282 474457 474495 
283 745253 745317 
284 2020945 2021009 
285 2383223 2383287 
286 766202 766266 
287 1015635 1015699 
288 949432 949471 
289 340464 340528 
290 203181 203245 
291 89264 89328 
292 1328489 1328553 
293 899280 899344 
294 2214684 2214748 
295 569766 569830 
296 2044175 2044239 
297 1256130 1256194 
298 1158591 1158655 
299 1040976 1041011 
300 2255471 2255535 
301 1345859 1345923 
302 1978015 1978079 
303 1305811 1305875 
304 2077668 2077732 
305 1784180 1784213 
306 889102 889166 
307 758591 758655 
308 1144296 1144360 
309 1777733 1777797 
310 504997 505031 
311 1758823 1758887 
312 1913974 1914038 
313 713861 713925 
314 1432575 1432612 
315 622534 622598 
316 1757782 1757820 
317 1386152 1386216 
318 1055122 1055186 
319 2249316 2249380 
320 1169396 1169460 
321 1405743 1405790 
322 444249 444313 
323 1759422 1759486 
324 144669 144733 
325 919915 919979 
326 296475 296539 
327 2300459 2300523 
328 254213 254277 
329 612282 612346 
330 1049397 1049461 
331 1821507 1821571 
332 66789 66853 
333 1749807 1749871 
334 297987 298030 
335 1219877 1219941 
336 438287 438351 
337 1786836 1786870 
338 760664 760728 
339 2323270 2323334 
340 970447 970490 
341 501276 501340 
342 1626505 1626538 
343 1178601 1178665 
344 1344668 1344732 
345 1437385 1437421 
346 1900961 1901025 
347 779758 779822 
348 2298329 2298393 
349 139296 139332 
350 192100 192144 
351 1791434 1791498 
352 1213045 1213109 
353 907627 907666 
354 1715761 1715825 
355 731706 731770 
356 1384094 1384128 
357 2076874 2076938 
358 1647956 1648020 
359 583152 583216 
360 1231409 1231473 
361 2210023 2210087 
362 681295 681341 
363 550545 550581 
364 464333 464397 
365 425622 425655 
366 1051317 1051381 
367 1032018 1032082 
368 2218842 2218906 
369 1231475 1231539 
370 1405929 1405993 
371 2198132 2198196 
372 1384127 1384191 
373 2277136 2277200 
374 1261951 1262015 
375 1088889 1088953 
376 1380431 1380495 
377 457542 457606 
378 847427 847491 
379 426288 426352 
380 1693958 1694022 
381 484556 484620 
382 1212550 1212614 
383 1157944 1157987 
384 1417793 1417857 
385 2388645 2388709 
386 1898136 1898171 
387 1679399 1679463 
388 586091 586155 
389 836096 836160 
390 575094 575158 
391 1560649 1560683 
392 1701924 1701988 
393 1316818 1316882 
394 1516621 1516685 
395 1527131 1527195 
396 865050 865084 
397 1915957 1916021 
398 1288335 1288399 
399 652586 652650 
400 1309025 1309089 
401 892437 892474 
402 1059808 1059842 
403 2342129 2342174 
404 1250504 1250543 
405 799784 799848 
406 1203242 1203306 
407 1448711 1448775 
408 1606734 1606798 
409 1372050 1372114 
410 1196506 1196570 
411 453590 453654 
412 394222 394286 
413 1829652 1829716 
414 1981114 1981178 
415 705405 705469 
416 1181736 1181800 
417 1110672 1110736 
418 2141109 2141143 
419 1164213 1164277 
420 1484915 1484956 
421 1489560 1489605 
422 359252 359316 
423 431442 431506 
424 573799 573863 
425 2229879 2229943 
426 1946800 1946838 
427 1344677 1344741 
428 1598098 1598162 
429 1269020 1269084 
430 453680 453744 
431 1185796 1185860 
432 188536 188600 
433 596176 596240 
434 2264219 2264283 
435 1946198 1946238 
436 161006 161070 
437 1008586 1008650 
438 57900 57964 
439 575991 576055 
440 880090 880154 
441 102061 102125 
442 1660284 1660348 
443 605999 606063 
444 1092462 1092526 
445 856857 856898 
446 854799 854847 
447 1032719 1032759 
448 1956470 1956534 
449 203582 203646 
450 2366561 2366595 
451 544672 544736 
452 805203 805267 
453 2397429 2397472 
454 1017066 1017130 
455 1155203 1155238 
456 1486754 1486818 
457 1641864 1641904 
458 1347337 1347401 
459 1002925 1002960 
460 1647003 1647038 
461 1454925 1454989 
462 1316816 1316880 
463 154428 154492 
464 1191166 1191230 
465 2333204 2333268 
466 216899 216963 
467 2011704 2011768 
468 1566259 1566323 
469 269911 269975 
470 550940 551004 
471 1220009 1220073 
472 673135 673199 
473 436335 436399 
474 519792 519856 
475 1874956 1875020 
476 1517015 1517079 
477 268934 268998 
478 1263491 1263555 
479 688595 688659 
480 543359 543423 
481 1486312 1486376 
482 2066944 2067008 
483 379906 379970 
484 398220 398256 
485 422636 422700 
486 1559172 1559236 
487 212644 212687 
488 1836448 1836512 
489 2037449 2037490 
490 680904 680968 
491 2253017 2253081 
492 737258 737322 
493 1337533 1337597 
494 1783226 1783290 
495 2175529 2175593 
496 179270 179334 
497 396670 396734 
498 794149 794213 
499 741492 741556 
500 472085 472149 
501 2293034 2293098 
502 2098829 2098893 
503 1161301 1161365 
504 1480994 1481058 
505 1732587 1732651 
506 448939 449003 
507 1640581 1640645 
508 187535 187599 
509 1951371 1951435 
510 168714 168759 
511 2402221 2402257 
512 457729 457793 
513 1946790 1946835 
514 1160023 1160087 
515 855550 855614 
516 359768 359832 
517 806017 806081 
518 990154 990218 
519 277300 277364 
520 2044513 2044559 
521 1645140 1645187 
522 776869 776909 
523 609060 609124 
524 977547 977611 
525 480442 480506 
526 935654 935718 
527 1834533 1834578 
528 1840451 1840515 
529 1028433 1028497 
530 256339 256403 
531 272604 272668 
532 1458010 1458074 
533 1075262 1075326 
534 1395737 1395801 
535 2401100 2401164 
536 2188068 2188103 
537 785923 785987 
538 1264584 1264648 
539 2107914 2107956 
540 2143024 2143088 
541 181843 181907 
542 2154965 2155029 
543 2402097 2402161 
544 564000 564064 
545 2020869 2020933 
546 1467671 1467716 
547 2070774 2070815 
548 2388152 2388216 
549 2257710 2257748 
550 1577254 1577318 
551 593911 593975 
552 1102449 1102513 
553 2235140 2235204 
554 1244339 1244403 
555 115975 116039 
556 1636941 1637005 
557 851550 851614 
558 1456957 1457021 
559 1131973 1132037 
560 2188895 2188938 
561 854991 855055 
562 1366312 1366376 
563 994943 995007 
564 1364544 1364608 
565 1145347 1145411 
566 2069537 2069580 
567 736870 736934 
568 871971 872035 
569 1509650 1509697 
570 1650397 1650461 
571 1048610 1048645 
572 1441279 1441343 
573 1165177 1165241 
574 78570 78614 
575 1712095 1712142 
576 697037 697101 
577 2278118 2278182 
578 81852 81916 
579 1871023 1871087 
580 2075147 2075211 
581 1601370 1601434 
582 1335375 1335439 
583 2179198 2179262 
584 1495132 1495196 
585 1080350 1080385 
586 1086174 1086218 
587 2403626 2403690 
588 1507398 1507462 
589 1255581 1255645 
590 1170606 1170643 
591 1070304 1070342 
592 572452 572516 
593 2105497 2105561 
594 2164875 2164939 
595 1457513 1457552 
596 1644339 1644385 
597 1781097 1781161 
598 435739 435803 
599 2311606 2311670 
600 1291086 1291150 
601 273754 273818 
602 804832 804896 
603 1694685 1694749 
604 1390517 1390559 
605 2219464 2219528 
606 998564 998628 
607 1830678 1830742 
608 1322667 1322731 
609 501087 501151 
610 1635062 1635126 
611 59198 59262 
612 1831198 1831262 
613 1126447 1126511 
614 140164 140208 
615 689656 689720 
616 1801252 1801316 
617 2072654 2072718 
618 2380836 2380879 
619 510587 510626 
620 1997925 1997989 
621 142738 142802 
622 978375 978439 
623 165472 165536 
624 1061496 1061560 
625 1315461 1315525 
626 1217764 1217828 
627 1367479 1367516 
628 1324859 1324923 
629 909660 909724 
630 2233117 2233181 
631 205043 205107 
632 1072907 1072971 
633 578806 578870 
634 2350091 2350155 
635 1101246 1101286 
636 1051706 1051770 
637 924466 924512 
638 2179864 2179906 
639 371906 371970 
640 450219 450283 
641 780783 780847 
642 1688132 1688196 
643 1590761 1590825 
644 951600 951664 
645 806097 806161 
646 2246024 2246088 
647 2308927 2308991 
648 2248161 2248225 
649 636913 636977 
650 1370367 1370431 
651 79490 79554 
652 1133415 1133454 
653 2042484 2042548 
654 608569 608633 
655 378687 378723 
656 1173457 1173521 
657 1874602 1874666 
658 333165 333229 
659 1170186 1170221 
660 796744 796808 
661 105928 105975 
662 1702365 1702429 
663 1997408 1997472 
664 2271652 2271716 
665 196249 196313 
666 789228 789292 
667 1385421 1385485 
668 1109104 1109139 
669 1472239 1472303 
670 1944445 1944485 
671 1340305 1340369 
672 1619076 1619140 
673 993707 993771 
674 2087089 2087126 
675 683822 683862 
676 582070 582134 
677 734188 734252 
678 675536 675577 
679 1720749 1720790 
680 987970 988034 
681 142357 142421 
682 562316 562380 
683 777963 778027 
684 1696689 1696753 
685 2115610 2115674 
686 2373540 2373604 
687 98735 98768 
688 659263 659327 
689 911589 911637 
690 146094 146132 
691 1386817 1386881 
692 946616 946680 
693 620474 620538 
694 1542451 1542515 
695 1571304 1571368 
696 1787633 1787675 
697 1849097 1849161 
698 687794 687832 
699 2133276 2133340 
700 624631 624695 
701 2290490 2290554 
702 1197718 1197762 
703 1674553 1674617 
704 1737863 1737927 
705 198849 198913 
706 2134761 2134809 
707 1260312 1260346 
708 1066444 1066508 
709 589691 589738 
710 94345 94409 
711 1672256 1672301 
712 1432782 1432846 
713 2183933 2183997 
714 1311268 1311332 
715 465871 465908 
716 168539 168603 
717 551667 551731 
719 1635334 1635398 
720 662020 662084 
722 74812 74876 
723 918937 919001 
724 1701579 1701615 
725 904799 904863 
726 1977160 1977198 
727 1616965 1617008 
728 865529 865593 
732 734558 734591 
733 2238084 2238148 
734 1462720 1462784 
735 974188 974252 
736 1025347 1025411 
737 1637008 1637072 
738 671608 671672 
739 1245227 1245291 
740 2271019 2271059 
741 2144550 2144614 
742 764098 764162 
743 213853 213917 
744 1167432 1167496 
745 2043085 2043149 
746 638646 638710 
747 947449 947513 
748 850962 851026 
749 643228 643292 
751 884819 884883 
752 890854 890918 
753 1752753 1752817 
754 1318444 1318508 
755 2149323 2149387 
756 2374614 2374678 
757 1643473 1643537 
758 1533630 1533694 
759 2191985 2192020 
760 379676 379740 
761 2251342 2251406 
762 1631265 1631329 
763 543666 543730 
764 822743 822807 
765 65462 65526 
766 931246 931310 
767 2362296 2362330 
768 2399410 2399474 
770 1242051 1242115 
771 2257396 2257460 
772 845737 845801 
773 1325100 1325164 
774 124374 124438 
775 1199668 1199732 
776 718713 718753 
777 694521 694585 
779 1180356 1180420 
780 1416896 1416938 
781 1021672 1021736 
782 286902 286945 
783 294718 294782 
784 1370168 1370232 
785 146781 146845 
786 2174619 2174659 
787 1820758 1820795 
788 700264 700328 
789 1604432 1604474 
790 122656 122695 
791 2077604 2077638 
792 80564 80628 
793 1972831 1972875 
794 255871 255935 
796 1152411 1152475 
797 1191335 1191372 
798 1627883 1627947 
799 252709 252773 
800 759353 759397 
801 1678754 1678818 
802 1243766 1243830 
803 2331237 2331301 
804 629809 629873 
806 2108225 2108289 
809 1089720 1089784 
810 1854812 1854876 
811 602118 602182 
812 2242130 2242168 
813 1939628 1939692 
815 1876582 1876646 
816 1224434 1224498 
818 126792 126834 
820 188455 188519 
821 315373 315437 
822 105985 106032 
823 1338413 1338452 
825 563992 564056 
826 2292930 2292964 
827 855677 855741 
828 1759853 1759917 
829 1295207 1295243 
830 296696 296760 
831 1383505 1383569 
833 494703 494767 
834 1796791 1796855 
835 703058 703122 
836 1515487 1515551 
837 940950 941014 
839 2311846 2311882 
841 1968878 1968942 
842 968203 968267 
844 1469284 1469329 
845 573127 573191 
846 2231686 2231734 
847 1487127 1487169 
848 1673123 1673187 
849 1266648 1266712 
850 871977 872041 
852 1409997 1410040 
853 2004315 2004354 
855 1959923 1959987 
856 1519549 1519613 
857 145845 145909 
858 1095310 1095346 
859 504864 504928 
860 1937691 1937755 
861 2259918 2259982 
863 2314202 2314266 
864 2240745 2240809 
865 801518 801582 
866 909046 909091 
867 1961252 1961316 
868 1895557 1895621 
869 773578 773642 
870 1405681 1405745 
871 1684608 1684672 
872 889058 889094 
873 1180352 1180416 
874 996568 996632 
875 804405 804469 
876 1238364 1238428 
877 832390 832454 
878 1510772 1510807 
879 1100040 1100080 
880 1018193 1018257 
881 2155893 2155957 
882 741128 741192 
883 783473 783537 
884 1263267 1263331 
885 1723822 1723886 
887 1761249 1761313 
888 739430 739494 
889 2014015 2014079 
890 2374741 2374787 
891 2202064 2202128 
892 1383510 1383574 
893 1779048 1779112 
894 630821 630885 
895 604533 604597 
896 2205480 2205544 
897 1984838 1984902 
898 1495036 1495100 
899 717502 717566 
900 499877 499941 
901 1081777 1081813 
902 524798 524862 
903 253406 253454 
904 640213 640277 
905 604716 604780 
906 2012826 2012890 
907 1670347 1670411 
908 1224211 1224275 
909 1605085 1605149 
910 2252309 2252342 
911 961915 961961 
912 977521 977554 
913 1049470 1049534 
914 852838 852902 
915 1280064 1280128 
916 1203484 1203548 
917 1400057 1400121 
918 2290142 2290206 
919 771817 771881 
920 1098951 1098989 
921 679041 679105 
922 609445 609509 
923 989513 989577 
924 2043212 2043276 
925 268892 268927 
926 1927697 1927737 
927 1586438 1586502 
928 618790 618854 
929 770336 770376 
930 272811 272875 
932 717494 717558 
933 2064136 2064200 
934 548992 549056 
935 280904 280968 
937 2155360 2155393 
939 864289 864353 
941 97465 97510 
942 1385133 1385197 
943 331829 331868 
944 1071661 1071701 
945 2231585 2231633 
948 1638961 1638997 
949 1335887 1335951 
950 916518 916582 
951 160368 160410 
952 874596 874660 
954 865773 865811 
955 333007 333040 
956 966518 966561 
957 1410941 1411005 
958 1460644 1460683 
959 867841 867905 
960 1114475 1114539 
961 1611783 1611847 
962 1292528 1292592 
963 871672 871736 
964 249018 249082 
965 841730 841794 
966 963911 963975 
968 1366165 1366209 
969 443998 444062 
970 194732 194796 
971 1161696 1161741 
972 2379115 2379179 
973 1509648 1509712 
974 1666867 1666906 
975 1043285 1043349 
976 1313032 1313074 
977 1595419 1595483 
978 2190057 2190121 
979 2140421 2140485 
980 918406 918470 
981 445080 445144 
982 1491177 1491241 
983 1001721 1001759 
984 962952 963016 
985 2340987 2341051 
986 2275139 2275174 
988 196982 197022 
989 1960201 1960265 
991 1162123 1162187 
992 1261899 1261935 
993 302084 302148 
995 1247585 1247624 
996 1744463 1744527 
997 1122681 1122745 
998 1221480 1221544 
999 1673197 1673236 
1000 2101877 2101941 
1001 218165 218200 
1002 2389650 2389714 
1003 1539838 1539902 
1006 557184 557248 
1007 1183735 1183799 
1008 1399671 1399735 
1009 1658923 1658987 
1010 1463359 1463423 
1011 327728 327792 
1012 2153225 2153289 
1013 2201711 2201775 
1015 796546 796610 
1016 1533685 1533733 
1017 522683 522747 
1018 2269481 2269545 
1019 957554 957618 
1020 2143098 2143137 
1021 1570660 1570702 
1022 2098272 2098336 
1023 495863 495927 
1024 895724 895759 
1025 1022664 1022728 
1026 524738 524802 
1027 2238647 2238711 
1028 702887 702928 
1029 1088630 1088694 
1030 1375076 1375140 
1033 1842540 1842604 
1034 797310 797348 
1035 350844 350908 
1036 451118 451182 
1037 1233952 1233985 
1038 1253801 1253865 
1039 370899 370963 
1040 432109 432156 
1041 1499386 1499425 
1042 2179860 2179905 
1043 1332269 1332333 
1044 1782773 1782837 
1045 1271640 1271704 
1046 1114621 1114685 
1047 1855979 1856043 
1049 437122 437186 
1051 1127093 1127157 
1052 1592947 1593011 
1053 2297059 2297103 
1054 1138029 1138072 
1055 1469048 1469112 
1058 816214 816278 
1059 827537 827601 
1060 1775657 1775696 
1062 1067202 1067266 
1063 150919 150983 
1064 1598711 1598748 
1066 2380119 2380158 
1067 985666 985712 
1068 1476380 1476444 
1069 191784 191830 
1071 2157366 2157430 
1074 1698054 1698093 
1075 1633347 1633411 
1076 1555418 1555482 
1077 631378 631442 
1080 1517440 1517504 
1082 206281 206345 
1083 2061409 2061450 
1084 580527 580561 
1085 1644657 1644691 
1088 1418636 1418700 
1089 1836240 1836304 
1090 2127296 2127360 
1091 1913355 1913419 
1092 477526 477590 
1095 96485 96549 
1096 1302530 1302577 
1097 1068594 1068658 
1098 1679284 1679348 
1099 1786296 1786335 
1100 312105 312169 
1101 114377 114441 
1102 769891 769932 
1103 1177261 1177325 
1104 268241 268282 
1106 2054794 2054842 
1107 1489091 1489155 
1108 892157 892221 
1109 2254372 2254436 
1110 2277623 2277687 
1112 2272811 2272875 
1114 1681167 1681231 
1115 2038282 2038327 
1117 75455 75503 
1118 646282 646346 
1119 2308162 2308201 
1120 1725903 1725945 
1121 1453412 1453476 
1122 484350 484391 
1123 1262059 1262123 
1124 671296 671330 
1127 1179684 1179748 
1128 516500 516564 
1129 1515862 1515926 
1130 617513 617577 
1131 103981 104045 
1132 1138066 1138101 
1133 1952549 1952613 
1134 1164057 1164121 
1135 626756 626799 
1136 322718 322782 
1137 1374693 1374757 
1138 2203086 2203150 
1139 272494 272558 
1140 1613068 1613132 
1141 1174264 1174308 
1142 800789 800837 
1143 1865781 1865845 
1144 1501142 1501206 
1145 273657 273721 
1146 2356926 2356974 
1147 1771457 1771521 
1148 773693 773733 
1149 2004682 2004746 
1150 383916 383980 
1151 1236449 1236513 
1152 2275363 2275427 
1153 424986 425050 
1154 2369035 2369081 
1156 105977 106041 
1157 365932 365996 
1158 58892 58956 
1159 504994 505032 
1160 505043 505107 
1161 762009 762048 
1162 1041549 1041591 
1164 521911 521975 
1165 1783667 1783715 
1166 2199525 2199589 
1169 1793113 1793159 
1170 785256 785320 
1171 1394017 1394081 
1172 188103 188167 
1173 1445937 1446001 
1174 1336217 1336255 
1175 1555140 1555204 
1176 2171395 2171459 
1178 1366666 1366730 
1179 1677069 1677133 
1180 1735190 1735224 
1181 471808 471872 
1182 971644 971708 
1183 2266433 2266497 
1184 262143 262207 
1185 2216904 2216968 
1186 657555 657619 
1187 519569 519633 
1188 1850591 1850655 
1189 1345857 1345921 
1190 87847 87911 
1192 431789 431836 
1193 770106 770150 
1195 1627818 1627860 
1196 1923491 1923555 
1198 2392181 2392245 
1199 2353399 2353463 
1201 1873339 1873403 
1202 1398468 1398532 
1203 1668997 1669061 
1204 511088 511152 
1205 556956 557020 
1207 2380151 2380190 
1208 337066 337100 
1209 1132057 1132121 
1210 530617 530663 
1213 571442 571477 
1215 1821731 1821795 
1217 128779 128814 
1219 252390 252454 
1220 293569 293612 
1221 1424244 1424286 
1222 1399893 1399957 
1224 1431736 1431774 
1227 698858 698922 
1228 2248093 2248157 
1230 971339 971403 
1232 814644 814708 
1233 1652641 1652705 
1234 164326 164390 
1237 1040252 1040316 
1238 2150685 2150749 
1240 622613 622677 
1242 191019 191083 
1243 849420 849484 
1244 253945 254009 
1245 648539 648603 
1246 794429 794493 
1247 1536265 1536329 
1248 1983108 1983172 
1249 781886 781950 
1250 2050856 2050920 
1253 884020 884084 
1254 706594 706658 
1255 1381933 1381997 
1256 1659417 1659481 
1257 1922087 1922133 
1260 2162986 2163050 
1261 1902883 1902947 
1262 1946535 1946599 
1264 1528154 1528218 
1265 2215244 2215308 
1266 2288568 2288632 
1267 800350 800414 
1268 1378361 1378425 
1270 2340074 2340138 
1271 815491 815555 
1272 2076082 2076146 
1273 2316003 2316067 
1274 184203 184267 
1276 983193 983257 
1278 1774169 1774233 
1279 1527948 1527981 
1280 101913 101977 
1282 460152 460198 
1283 1469168 1469232 
1284 1430641 1430705 
1286 1341353 1341417 
1287 1456219 1456283 
1288 1620859 1620923 
1290 997749 997813 
1292 1488309 1488373 
1293 819175 819239 
1294 1611150 1611214 
1296 2311897 2311961 
1297 1023782 1023846 
1302 1693692 1693756 
1305 2322281 2322319 
1308 551938 551980 
1309 2350870 2350934 
1310 2129032 2129096 
1311 747025 747089 
1313 342570 342634 
1314 1935357 1935399 
1315 958416 958480 
1316 2274873 2274937 
1317 1858083 1858147 
1319 1908636 1908700 
1320 2364886 2364925 
1323 1951918 1951982 
1324 2089022 2089058 
1325 1927968 1928032 
1326 1050047 1050111 
1327 1338502 1338566 
1328 556703 556767 
1329 1593154 1593218 
1330 619411 619475 
1331 2299597 2299661 
1333 1184557 1184621 
1334 1144564 1144628 
1335 1980180 1980244 
1336 1614136 1614200 
1337 1111644 1111678 
1338 1138771 1138805 
1339 673615 673679 
1340 1182489 1182553 
1341 822425 822489 
1342 2116624 2116688 
1345 1286310 1286374 
1346 832489 832553 
1350 594820 594884 
1352 1707241 1707305 
1353 538553 538617 
1354 379899 379963 
1355 2349938 2350002 
1356 605540 605604 
1357 2377317 2377381 
1358 790053 790117 
1359 2365842 2365882 
1360 151386 151450 
1361 1405669 1405733 
1362 2026727 2026791 
1363 475278 475318 
1366 475277 475317 
1367 2195075 2195139 
1368 276184 276248 
1369 2402557 2402598 
1370 1332560 1332624 
1371 2109412 2109476 
1372 1882740 1882804 
1373 997676 997740 
1376 2191803 2191867 
1377 1754052 1754116 
1378 608643 608707 
1379 1392575 1392616 
1381 740536 740572 
1382 354497 354561 
1383 516653 516717 
1385 1238920 1238984 
1386 941461 941525 
1387 1343378 1343442 
1389 2293436 2293500 
1390 2111066 2111130 
1391 2149392 2149456 
1392 1095893 1095957 
1393 2293028 2293092 
1396 1827196 1827260 
1397 1071110 1071174 
1399 2329477 2329541 
1400 1004507 1004571 
1401 72696 72760 
1402 811094 811158 
1403 1941844 1941908 
1404 262162 262201 
1406 1436342 1436386 
1407 857775 857839 
1408 1452924 1452969 
1409 1094222 1094261 
1410 1966188 1966252 
1412 1490003 1490067 
1413 1491682 1491746 
1414 860713 860777 
1415 1208919 1208983 
1416 2039368 2039432 
1418 1862959 1863005 
1419 952938 953002 
1420 2220791 2220855 
1421 2172509 2172573 
1423 697560 697624 
1424 1038010 1038074 
1425 1951998 1952062 
1426 129503 129567 
1427 93366 93408 
1430 2393193 2393257 
1431 1033702 1033766 
1432 374196 374260 
1434 375924 375988 
1435 907215 907279 
1436 1808499 1808547 
1437 792404 792468 
1438 1903259 1903323 
1439 1803975 1804039 
1440 1787602 1787635 
1441 107416 107480 
1442 929266 929330 
1443 1100994 1101028 
1445 104535 104599 
1449 2331881 2331945 
1450 1675457 1675521 
1451 2004769 2004811 
1452 540559 540623 
1454 1414875 1414939 
1456 2261830 2261894 
1459 2236364 2236410 
1460 791606 791670 
1461 422199 422263 
1462 1230002 1230066 
1463 590766 590830 
1464 109191 109255 
1465 111513 111552 
1467 590934 590998 
1468 1658492 1658556 
1469 679585 679649 
1470 1172674 1172738 
1472 1279885 1279949 
1473 2064894 2064958 
1475 2180068 2180109 
1476 149932 149996 
1478 1705984 1706048 
1480 2071433 2071497 
1481 728035 728099 
1482 529783 529847 
1483 363514 363578 
1484 1661507 1661571 
1485 1642825 1642889 
1487 1382683 1382747 
1489 672515 672579 
1490 723314 723351 
1491 905856 905920 
1492 315940 316004 
1493 1171083 1171130 
1497 1460098 1460139 
1498 1848447 1848511 
1500 606257 606321 
1501 2026086 2026130 
1502 1722955 1723019 
1503 254046 254110 
1504 1271925 1271989 
1505 684571 684635 
1507 1616035 1616082 
1508 1451646 1451710 
1509 2277383 2277422 
1510 105992 106035 
1511 1075785 1075829 
1512 2206836 2206900 
1513 580909 580942 
1515 469252 469298 
1518 1107379 1107443 
1519 922512 922553 
1521 1334240 1334275 
1522 835509 835573 
1524 1981871 1981918 
1526 1358973 1359037 
1529 1058449 1058494 
1530 1155116 1155180 
1531 1527234 1527282 
1532 1739968 1740032 
1533 527980 528017 
1534 892450 892484 
1537 1277777 1277841 
1538 1148979 1149024 
1540 1253190 1253226 
1541 561094 561158 
1543 56267 56331 
1544 1588372 1588436 
1545 823634 823698 
1546 1251798 1251862 
1547 114932 114996 
1548 778189 778253 
1550 681051 681115 
1551 1061425 1061466 
1553 454371 454435 
1555 754056 754120 
1556 1391294 1391358 
1558 549346 549410 
1559 1403523 1403558 
1561 2366803 2366867 
1562 1868619 1868683 
1563 2190084 2190148 
1565 932104 932168 
1566 2234949 2235013 
1568 1387084 1387148 
1571 1818283 1818347 
1573 1453325 1453370 
1576 750655 750719 
1577 1515419 1515454 
1578 1458850 1458914 
1580 1723746 1723787 
1582 627669 627733 
1584 1817690 1817754 
1585 621563 621599 
1586 519634 519698 
1587 903646 903710 
1588 691868 691932 
1589 1341867 1341931 
1590 165418 165454 
1591 428783 428847 
1592 990604 990668 
1593 2147789 2147853 
1594 1868926 1868966 
1595 1129578 1129642 
1596 1681678 1681742 
1597 1615438 1615502 
1598 342959 343023 
1599 666529 666593 
1600 1786246 1786285 
1601 1534237 1534301 
1603 310144 310181 
1605 102676 102740 
1607 1608288 1608352 
1608 805583 805647 
1609 692882 692946 
1610 1164147 1164211 
1611 1835782 1835846 
1613 1642732 1642796 
1614 1015108 1015153 
1615 1249217 1249281 
1616 1628644 1628708 
1617 1331424 1331488 
1618 83661 83725 
1621 1972448 1972496 
1622 1119406 1119470 
1624 956797 956840 
1625 1600338 1600402 
1626 825728 825792 
1627 1826965 1827029 
1628 961436 961500 
1629 1511335 1511399 
1630 2402150 2402214 
1631 1141279 1141343 
1632 692331 692395 
1634 689236 689279 
1635 1420402 1420466 
1636 1187472 1187536 
1637 1617745 1617809 
1638 1098274 1098338 
1639 1242825 1242889 
1640 1892319 1892383 
1642 1123803 1123867 
1643 2247310 2247374 
1644 856986 857050 
1645 932985 933049 
1647 2244344 2244408 
1648 2090981 2091022 
1649 2318708 2318772 
1650 197189 197253 
1651 1820331 1820395 
1652 927332 927396 
1653 820331 820395 
1654 284934 284998 
1655 1121886 1121950 
1656 937018 937082 
1657 868762 868826 
1659 1573277 1573341 
1660 1566575 1566639 
1661 806414 806478 
1662 708669 708733 
1664 2329906 2329970 
1666 650239 650303 
1667 1048098 1048162 
1668 1059568 1059632 
1669 746674 746738 
1670 2300991 2301055 
1671 481460 481524 
1672 764729 764793 
1673 2055301 2055365 
1674 1048177 1048241 
1675 515501 515565 
1677 132922 132986 
1679 1494144 1494208 
1680 2036115 2036179 
1682 911803 911850 
1683 1568782 1568846 
1684 1334065 1334129 
1685 1570331 1570395 
1686 1679854 1679918 
1687 2333369 2333405 
1688 1125529 1125574 
1690 1680870 1680934 
1691 2327563 2327627 
1692 526962 527004 
1693 723139 723203 
1694 2204274 2204338 
1695 2161678 2161742 
1696 831213 831277 
1697 1047470 1047534 
1699 1340844 1340908 
1700 599001 599065 
1701 638083 638147 
1702 212963 213027 
1703 1314463 1314527 
1705 1068600 1068664 
1706 1656064 1656108 
1707 983480 983544 
1708 675023 675087 
1709 953791 953855 
1710 2156528 2156592 
1711 1082956 1082994 
1712 363034 363098 
1713 840495 840559 
1714 1236091 1236155 
1716 1461056 1461120 
1717 1478907 1478971 
1718 72189 72253 
1719 1822762 1822826 
1720 1690453 1690489 
1721 1698048 1698089 
1722 563896 563960 
1723 1619513 1619559 
1724 2298127 2298191 
1725 560934 560998 
1726 2108978 2109042 
1728 1421312 1421376 
1729 1933622 1933686 
1730 1183673 1183737 
1731 668142 668206 
1732 2122591 2122655 
1733 1863977 1864041 
1735 2252513 2252577 
1736 610794 610858 
1737 2323174 2323238 
1738 936932 936996 
1739 1151322 1151386 
1740 1609826 1609890 
1741 2151630 2151694 
1742 1153820 1153884 
1743 1524555 1524619 
1745 2297429 2297493 
1747 911810 911847 
1748 1759206 1759249 
1750 1513473 1513537 
1751 489955 490019 
1752 629811 629875 
1755 1898500 1898564 
1756 1542332 1542396 
1757 1881892 1881956 
1758 2111542 2111606 
1760 1800654 1800718 
1761 1986493 1986528 
1763 661771 661808 
1764 2029503 2029537 
1765 2222722 2222768 
1766 1390360 1390424 
1768 640597 640661 
1770 1604315 1604379 
1772 1632083 1632147 
1773 584287 584351 
1774 138486 138550 
1775 542205 542269 
1776 247909 247973 
1777 1168941 1169005 
1778 839950 840014 
1780 247907 247971 
1781 2210729 2210793 
1783 1929982 1930022 
1784 249807 249871 
1785 2288661 2288725 
1786 901582 901646 
1789 1196152 1196216 
1790 2395577 2395641 
1791 2191023 2191062 
1792 732418 732482 
1793 882198 882262 
1794 2067778 2067842 
1795 1024501 1024565 
1798 1390210 1390274 
1800 547624 547660 
1802 836633 836697 
1803 1677750 1677814 
1804 519224 519288 
1805 355031 355095 
1806 1777132 1777196 
1807 2159556 2159620 
1809 2191314 2191378 
1811 259702 259766 
1812 2284212 2284276 
1813 1965484 1965548 
1814 298392 298456 
1815 455641 455705 
1816 1435199 1435243 
1817 210204 210268 
1818 962532 962578 
1819 1034014 1034078 
1820 1543885 1543932 
1821 2158825 2158868 
1822 1129469 1129533 
1824 1553027 1553091 
1826 569432 569496 
1828 452347 452387 
1829 2329539 2329603 
1830 2132874 2132938 
1831 764742 764806 
1832 1750720 1750784 
1833 1321494 1321530 
1834 211163 211227 
1835 944358 944422 
1836 1821084 1821148 
1837 999056 999120 
1838 1623612 1623676 
1839 1633153 1633197 
1840 2220268 2220332 
1841 1774544 1774608 
1842 1147570 1147634 
1843 1990499 1990563 
1844 788380 788444 
1845 1768042 1768087 
1846 361558 361622 
1847 2192589 2192637 
1850 1264356 1264420 
1851 655238 655302 
1852 372688 372752 
1853 364260 364324 
1854 1492249 1492313 
1856 2087875 2087939 
1857 671613 671677 
1858 706054 706118 
1859 2125263 2125327 
1861 216179 216217 
1862 1057947 1058011 
1863 1509087 1509151 
1864 2069414 2069478 
1865 1302375 1302439 
1869 831669 831733 
1870 151323 151387 
1872 667683 667723 
1873 1756711 1756775 
1874 1200021 1200085 
1875 1440965 1441029 
1877 1329246 1329310 
1878 1851053 1851117 
1879 2380700 2380764 
1880 432559 432607 
1882 616252 616316 
1884 75732 75775 
1885 85102 85135 
1886 1103022 1103086 
1887 151897 151961 
1888 299134 299198 
1891 1404796 1404860 
1892 1947021 1947085 
1893 2148026 2148090 
1894 2259518 2259582 
1896 704914 704978 
1897 1617539 1617603 
1900 1208158 1208222 
1901 1245705 1245769 
1902 2303672 2303714 
1903 159475 159539 
1904 1774240 1774286 
1906 528960 528999 
1908 1080032 1080096 
1909 2108970 2109034 
1910 2335995 2336042 
1912 390465 390529 
1913 458971 459035 
1917 1346325 1346389 
1918 462985 463049 
1920 1637622 1637668 
1921 1555598 1555640 
1922 929132 929196 
1927 1607421 1607460 
1928 550258 550322 
1931 1571293 1571357 
1934 1057941 1058005 
1935 1432787 1432851 
1937 594829 594893 
1939 1845292 1845356 
1940 427293 427357 
1941 570191 570229 
1942 2211982 2212046 
1944 633910 633974 
1948 1484548 1484612 
1949 1928342 1928406 
1950 1358984 1359048 
1951 796698 796762 
1952 1134394 1134458 
1953 1780254 1780318 
1957 1955871 1955935 
1958 2239544 2239608 
1961 1996049 1996113 
1962 2146419 2146483 
1963 910779 910843 
1966 387674 387738 
1967 472248 472312 
1971 2235119 2235183 
1972 497519 497583 
1976 1677746 1677810 
1978 1122549 1122613 
1980 2178075 2178139 
1981 1675007 1675071 
1984 2220176 2220240 
1988 2118655 2118719 
1990 1198131 1198195 
1994 1521702 1521766 
1996 627661 627725 
2003 1031633 1031697 
2004 95868 95932 
2010 1471818 1471882 
2011 989914 989978 
2012 1552811 1552875 
2013 1502943 1503007 
2016 884906 884970 
2017 1656078 1656111 
2020 2025256 2025320 
2021 813224 813288 
2024 1443493 1443557 
2026 705627 705691 
2028 1538467 1538531 
2029 820440 820504 
2030 630607 630671 
2031 1083648 1083712 
2032 1712937 1713001 
2033 2182533 2182597 
2034 285395 285434 
2036 121297 121361 
2039 2225250 2225314 
2040 1617173 1617237 
2042 2211972 2212036 
2043 1453331 1453369 
2044 2300998 2301062 
2045 1046853 1046897 
2046 2010417 2010459 
2047 570179 570227 
2049 2283425 2283489 
2050 2352542 2352606 
2051 1901682 1901746 
2052 986470 986534 
2054 2220192 2220227 
2056 246018 246082 
2057 929270 929334 
2058 2154136 2154200 
2059 584646 584710 
2062 2090370 2090434 
2063 769940 770004 
2064 141081 141145 
2066 203232 203296 
2068 2162835 2162879 
2074 2223346 2223410 
2076 627664 627728 
2079 849355 849419 
2080 2076760 2076824 
2083 708864 708910 
2084 196852 196916 
2085 1402933 1402997 
2086 939313 939361 
2087 375394 375458 
2090 1619638 1619702 
2091 268664 268728 
2096 76980 77044 
2097 693205 693269 
2098 533610 533674 
2099 1038656 1038720 
2100 618404 618468 
2101 719487 719551 
2102 668486 668519 
2105 2278368 2278432 
2106 1129656 1129720 
2110 2271027 2271061 
2111 1723486 1723550 
2112 1209402 1209466 
2114 2297717 2297781 
2117 1313914 1313978 
2119 2172605 2172669 
2120 1082751 1082815 
2122 1580474 1580538 
2123 2128821 2128885 
2124 1761150 1761214 
2125 279472 279536 
2127 992372 992436 
2128 449265 449310 
2129 1865994 1866058 
2130 684058 684122 
2131 786911 786975 
2133 676129 676193 
2134 563070 563134 
2136 2313010 2313074 
2138 1656077 1656113 
2139 264074 264138 
2144 934407 934471 
2146 179528 179592 
2147 655741 655805 
2148 1204386 1204450 
2150 2367922 2367986 
2151 2383305 2383369 
2152 1075634 1075698 
2158 1556707 1556771 
2160 1646938 1647002 
2167 625698 625762 
2168 832395 832459 
2169 263567 263631 
2170 2190889 2190953 
2172 2063412 2063476 
2173 2141391 2141455 
2174 1411371 1411435 
2176 2200732 2200796 
2177 1723483 1723547 
2179 1053137 1053184 
2180 766605 766669 
2181 2322856 2322920 
2182 705217 705281 
2183 1956430 1956494 
2186 2193241 2193305 
2188 539924 539988 
2189 1198047 1198111 
2190 423838 423902 
2191 1189899 1189963 
2192 423504 423568 
2193 602940 603004 
2194 2054251 2054315 
2195 348179 348243 
2196 2253680 2253717 
2197 1001767 1001831 
2198 2346538 2346602 
2199 725901 725965 
2200 2172865 2172929 
2201 1655999 1656063 
2204 2232232 2232296 
2205 1001774 1001838 
2207 2016281 2016345 
2209 631478 631524 
2210 1230287 1230351 
2214 1671947 1672011 
2215 607962 608026 
2218 279026 279090 
2219 2323047 2323111 
2224 2368506 2368570 
2225 899786 899850 
2227 569155 569219 
2228 1805071 1805135 
2229 579950 580014 
2230 1264358 1264422 
2231 2162981 2163045 
2232 2314265 2314304 
2233 2300744 2300808 
2237 2367783 2367847 
2238 1753662 1753726 
2239 2272881 2272945 
2240 831636 831700 
2243 886644 886708 
2244 474422 474486 
2248 831632 831696 
2249 1783553 1783617 
2250 1186099 1186135 
2251 663909 663946 
2252 1078153 1078217 
2253 460887 460951 
2254 2053694 2053758 
2256 1619911 1619975 
2259 247499 247543 
2260 212556 212602 
2261 1776914 1776978 
2262 1771531 1771595 
2263 603812 603876 
2264 1540127 1540191 
2265 2283620 2283684 
2266 589647 589711 
2267 884017 884081 
2268 391845 391909 
2269 1839978 1840042 
2271 2299494 2299558 
2273 2255741 2255805 
2274 2388146 2388210 
2275 1065699 1065763 
2276 746949 746986 
2277 2059738 2059802 
2278 1425565 1425612 
2279 2272957 2273021 
2280 132555 132619 
2281 2110751 2110815 
2282 2307001 2307065 
2283 1868258 1868322 
2284 796358 796406 
2285 1174427 1174491 
2286 1846566 1846630 
2287 1609747 1609811 
2288 2314645 2314709 
2289 1028393 1028427 
2290 1161664 1161728 
2291 1125786 1125850 
2292 2037444 2037492 
2293 1077582 1077646 
2294 1154768 1154832 
2295 2172612 2172676 
2296 673426 673473 
2297 115176 115211 
2298 2046273 2046337 
2299 2314214 2314278 
2300 951381 951445 
2301 2010446 2010510 
2302 2263578 2263642 
2303 1281778 1281842 
2304 556957 557021 
2305 1183661 1183725 
2306 395894 395958 
2307 375665 375729 
2308 102277 102341 
2309 860827 860862 
2310 70454 70518 
2311 2313783 2313847 
2312 601876 601940 
2313 2352062 2352126 
2314 609685 609749 
2315 1775545 1775609 
2316 2338436 2338500 
2317 2210702 2210766 
2318 2164081 2164145 
2319 563064 563128 
2320 114684 114748 
2321 648537 648601 
2322 1403455 1403519 
2323 2101062 2101126 
2324 212557 212590 
2325 1838202 1838266 
2326 2299496 2299560 
2327 968396 968460 
2328 2382610 2382674 
2329 1804499 1804563 
2330 500228 500292 
2331 1706321 1706385 
2332 637682 637746 
2333 1092295 1092340 
2334 832473 832509 
2335 910536 910573 
2336 2287199 2287237 
2337 989735 989799 
2338 2298330 2298394 
2339 442909 442973 
2340 640311 640375 
2341 1762327 1762374 
2342 384635 384699 
2343 2377703 2377767 
2344 332574 332638 
2345 2287053 2287117 
2346 2396832 2396896 
2347 728821 728885 
2348 778699 778763 
2349 1194040 1194086 
2350 2129433 2129497 
2351 61648 61712 
2352 727370 727434 
2353 1214661 1214725 
2354 2273204 2273268 
2355 1082420 1082484 
2356 1644459 1644507 
2357 852735 852799 
2358 1175412 1175476 
2359 780075 780119 
2360 2106418 2106482 
2361 995405 995469 
2362 1057333 1057397 
2363 94544 94608 
2364 1595968 1596013 
2365 1540965 1541029 
2366 380764 380828 
2367 2150627 2150691 
2368 2116634 2116698 
2369 930979 931043 
2370 2084852 2084916 
2371 2146894 2146958 
2372 199165 199229 
2373 2315381 2315445 
2374 1198613 1198677 
2375 2049900 2049964 
2376 1200729 1200793 
2377 844227 844291 
2378 907005 907069 
2379 635781 635845 
2380 528604 528668 
2381 1065796 1065860 
2382 922977 923041 
2383 1278072 1278136 
2384 2373251 2373315 
2385 570187 570231 
2386 429997 430061 
2387 788730 788794 
2388 394739 394803 
2389 2223691 2223755 
2390 1351925 1351989 
2391 2403056 2403120 
2392 1760992 1761056 
2393 642499 642563 
2394 2090497 2090561 
2395 702465 702529 
2396 646397 646431 
2397 206889 206953 
2398 923189 923253 
2399 1777434 1777498 
2400 601306 601370 
2401 1853482 1853546 
2402 1175912 1175976 
2403 2280464 2280499 
2405 2200737 2200801 
2406 643871 643935 
2407 1553303 1553350 
2408 2262773 2262837 
2409 702902 702943 
2410 601379 601443 
2411 1704592 1704656 
2412 2144989 2145035 
2413 1553275 1553339 
2414 633915 633979 
2415 951385 951449 
2416 269979 270043 
2417 665738 665780 
2418 2077731 2077795 
2419 2245844 2245908 
2421 2286502 2286566 
2422 1399329 1399393 
2423 1079508 1079549 
2424 919402 919466 
2425 474352 474416 
2426 1205311 1205375 
2428 2073990 2074054 
2429 850225 850289 
2431 724261 724325 
2432 779992 780056 
2433 668234 668279 
2434 266464 266528 
2435 2067295 2067359 
2436 636237 636301 
2437 1968191 1968255 
2438 1982188 1982252 
2439 900960 901024 
2441 1869716 1869780 
2442 2183487 2183551 
2443 1161711 1161756 
2444 1186425 1186489 
2445 1514224 1514288 
2446 1875834 1875898 
2447 520435 520482 
2448 975380 975444 
2449 832991 833055 
2451 1691013 1691077 
2452 773660 773697 
2453 476988 477052 
2454 2331729 2331764 
2455 660884 660948 
2456 1803346 1803410 
2457 1636237 1636275 
2458 2312893 2312957 
2459 976847 976911 
2460 2129437 2129501 
2461 2377539 2377603 
2462 2134540 2134604 
2463 2264994 2265058 
2464 2047132 2047196 
2465 914070 914118 
2466 657661 657725 
2468 551936 551984 
2469 2193129 2193193 
2470 2152861 2152925 
2471 951320 951384 
2472 2344451 2344515 
2473 1584198 1584262 
2474 1849811 1849875 
2475 486642 486706 
2476 833059 833123 
2478 1206067 1206131 
2479 398528 398592 
2480 1644515 1644579 
2481 894890 894954 
2482 2387664 2387728 
2483 2173091 2173155 
2484 2075298 2075362 
2485 1807796 1807860 
2486 2008805 2008869 
2488 1530123 1530187 
2490 1352174 1352218 
2492 1239636 1239700 
2493 772252 772316 
2494 1707235 1707299 
2495 887391 887455 
2497 477294 477341 
2498 944190 944254 
2501 1796321 1796385 
2503 293401 293465 
2505 1125268 1125332 
2506 866957 867021 
2509 762551 762587 
2511 250474 250538 
2512 628102 628166 
2514 887389 887453 
2517 2263581 2263645 
2520 1727917 1727981 
2522 1491183 1491247 
2523 975373 975437 
2524 2405379 2405422 
2526 903655 903719 
2527 2228955 2228989 
2529 2180427 2180491 
2531 609616 609680 
2532 2262836 2262900 
2536 893260 893324 
2539 2110970 2111017 
2544 394779 394843 
2548 2388006 2388070 
2549 637678 637742 
2550 2372441 2372505 
2563 1810474 1810538 
2566 185512 185545 
2576 951545 951609 
2579 1905429 1905493 
2580 794530 794594 
2583 2403058 2403122 
2586 1400782 1400846 
2588 989517 989563 
2591 1278082 1278146 
2593 676146 676210 
2598 2214624 2214688 
2599 849840 849904 
2600 185500 185544 
2603 2210731 2210795 
2605 1729016 1729080 
2607 2358879 2358943 
2608 2313863 2313927 
2609 245855 245919 
2610 812542 812606 
2611 1975347 1975411 
2612 2046226 2046290 
2617 505042 505106 
2620 866955 867019 
2622 481053 481117 
2623 1890181 1890245 
2625 398527 398591 
2629 1513833 1513897 
2634 157059 157123 
2635 1753664 1753728 
2639 811099 811163 
2640 1548872 1548936 
2641 100492 100556 
2642 1183660 1183724 
2643 769657 769721 
2648 2090321 2090385 
2649 1372654 1372718 
2652 1864540 1864604 
2653 1942040 1942104 
2655 1594133 1594197 
2656 870356 870420 
2658 651737 651801 
2659 923438 923502 
2660 1525185 1525249 
2662 2116625 2116689 
2666 1842388 1842452 
2671 2082188 2082221 
2672 250558 250622 
2673 77115 77179 
2675 668350 668414 
2676 1222330 1222394 
2680 1148934 1148998 
2683 245852 245916 
2685 340585 340649 
2687 1346887 1346951 
2688 1869291 1869355 
2690 815511 815575 
2691 1990304 1990368 
2693 713216 713280 
2694 629736 629783 
2698 175189 175253 
2699 931164 931228 
2701 2340614 2340678 
2702 1779232 1779296 
2707 132091 132138 
2710 346555 346619 
2711 182499 182563 
2712 1042947 1043011 
2722 1643329 1643393 
2728 1643335 1643399 
2732 1762191 1762255 
2734 1096969 1097033 
2735 790332 790396 
2736 1096967 1097031 
2737 1048382 1048446 
2741 430854 430918 
2742 2383534 2383598 
2746 1177406 1177470 
2752 628595 628659 
2757 1513839 1513903 
2758 776418 776482 
2772 475213 475277 
2773 1552808 1552872 
2775 1842380 1842444 
2781 157066 157130 
2782 76127 76166 
2783 270178 270242 
2785 2041091 2041155 
2788 1087632 1087696 
2789 385453 385517 
2791 751676 751740 
2792 1952415 1952479 
2793 1854232 1854296 
2797 1842468 1842532 
2802 913528 913592 
2804 472349 472413 
2805 363024 363088 
2808 1884149 1884213 
2811 1552810 1552874 
2812 1555474 1555520 
2813 1376070 1376134 
2815 1304186 1304250 
2817 655433 655497 
2818 1587689 1587729 
2820 1279012 1279076 
2822 132079 132143 
2823 1473569 1473603 
2827 1292228 1292292 
2831 840750 840814 
2832 1969515 1969579 
2834 1293180 1293244 
2835 1696933 1696997 
2836 1990296 1990360 
2838 2042555 2042619 
2839 1304987 1305031 
2840 266466 266530 
2841 748577 748641 
2842 1990303 1990367 
2843 171453 171494 
2844 1478131 1478195 
2845 1843079 1843143 
2846 116663 116711 
2847 427160 427224 
2848 2037419 2037483 
2849 395900 395964 
2850 1773401 1773465 
2851 2050045 2050109 
2852 1750773 1750814 
2853 1255495 1255559 
2854 705393 705457 
2855 1205823 1205887 
2857 1540967 1541031 
2858 1762184 1762248 
2859 1791210 1791274 
